0 0 5
0 5 5
0 10 5
0 15 5
0 20 5
0 25 5
0 30 5
0 35 5
0 40 5
0 45 5
0 50 5
0 55 5
0 60 5
0 65 5
0 70 5
0 75 5
0 80 5
0 85 5
0 90 5
0 95 5
0 100 5
0 105 5
0 110 5
0 115 5
0 120 5
0 125 5
0 130 5
0 135 5
0 140 5
0 145 5
0 150 5
0 155 5
0 160 5
0 165 5
0 170 5
0 175 5
0 180 5
0 185 5
0 190 5
0 195 5
1 0 5
1 5 5
1 10 5
1 15 5
1 20 5
1 25 5
1 30 5
1 35 5
1 40 5
1 45 5
1 50 5
1 55 5
1 60 5
1 65 5
1 70 5
1 75 5
1 80 5
1 85 5
1 90 5
1 95 5
1 100 5
1 105 5
1 110 5
1 115 5
1 120 5
1 125 5
1 130 5
1 135 5
1 140 5
1 145 5
1 150 5
1 155 5
1 160 5
1 165 5
1 170 5
1 175 5
1 180 5
1 185 5
1 190 5
1 195 5
2 0 5
2 5 5
2 10 5
2 15 5
2 20 5
2 25 5
2 30 5
2 35 5
2 40 5
2 45 5
2 50 5
2 55 5
2 60 5
2 65 5
2 70 5
2 75 5
2 80 5
2 85 5
2 90 5
2 95 5
2 100 5
2 105 5
2 110 5
2 115 5
2 120 5
2 125 5
2 130 5
2 135 5
2 140 5
2 145 5
2 150 5
2 155 5
2 160 5
2 165 5
2 170 5
2 175 5
2 180 5
2 185 5
2 190 5
2 195 5
3 0 5
3 5 5
3 10 5
3 15 5
3 20 5
3 25 5
3 30 5
3 35 5
3 40 5
3 45 5
3 50 5
3 55 5
3 60 5
3 65 5
3 70 5
3 75 5
3 80 5
3 85 5
3 90 5
3 95 5
3 100 5
3 105 5
3 110 5
3 115 5
3 120 5
3 125 5
3 130 5
3 135 5
3 140 5
3 145 5
3 150 5
3 155 5
3 160 5
3 165 5
3 170 5
3 175 5
3 180 5
3 185 5
3 190 5
3 195 5
4 0 5
4 5 5
4 10 5
4 15 5
4 20 5
4 25 5
4 30 5
4 35 5
4 40 5
4 45 5
4 50 5
4 55 5
4 60 5
4 65 5
4 70 5
4 75 5
4 80 5
4 85 5
4 90 5
4 95 5
4 100 5
4 105 5
4 110 5
4 115 5
4 120 5
4 125 5
4 130 5
4 135 5
4 140 5
4 145 5
4 150 5
4 155 5
4 160 5
4 165 5
4 170 5
4 175 5
4 180 5
4 185 5
4 190 5
4 195 5
5 0 5
5 5 5
5 10 5
5 15 5
5 20 5
5 25 5
5 30 5
5 35 5
5 40 5
5 45 5
5 50 5
5 55 5
5 60 5
5 65 5
5 70 5
5 75 5
5 80 5
5 85 5
5 90 5
5 95 5
5 100 5
5 105 5
5 110 5
5 115 5
5 120 5
5 125 5
5 130 5
5 135 5
5 140 5
5 145 5
5 150 5
5 155 5
5 160 5
5 165 5
5 170 5
5 175 5
5 180 5
5 185 5
5 190 5
5 195 5
6 0 5
6 5 5
6 10 5
6 15 5
6 20 5
6 25 5
6 30 5
6 35 5
6 40 5
6 45 5
6 50 5
6 55 5
6 60 5
6 65 5
6 70 5
6 75 5
6 80 5
6 85 5
6 90 5
6 95 5
6 100 5
6 105 5
6 110 5
6 115 5
6 120 5
6 125 5
6 130 5
6 135 5
6 140 5
6 145 5
6 150 5
6 155 5
6 160 5
6 165 5
6 170 5
6 175 5
6 180 5
6 185 5
6 190 5
6 195 5
7 0 5
7 5 5
7 10 5
7 15 5
7 20 5
7 25 5
7 30 5
7 35 5
7 40 5
7 45 5
7 50 5
7 55 5
7 60 5
7 65 5
7 70 5
7 75 5
7 80 5
7 85 5
7 90 5
7 95 5
7 100 5
7 105 5
7 110 5
7 115 5
7 120 5
7 125 5
7 130 5
7 135 5
7 140 5
7 145 5
7 150 5
7 155 5
7 160 5
7 165 5
7 170 5
7 175 5
7 180 5
7 185 5
7 190 5
7 195 5
8 0 5
8 5 5
8 10 5
8 15 5
8 20 5
8 25 5
8 30 5
8 35 5
8 40 5
8 45 5
8 50 5
8 55 5
8 60 5
8 65 5
8 70 5
8 75 5
8 80 5
8 85 5
8 90 5
8 95 5
8 100 5
8 105 5
8 110 5
8 115 5
8 120 5
8 125 5
8 130 5
8 135 5
8 140 5
8 145 5
8 150 5
8 155 5
8 160 5
8 165 5
8 170 5
8 175 5
8 180 5
8 185 5
8 190 5
8 195 5
9 0 5
9 5 5
9 10 5
9 15 5
9 20 5
9 25 5
9 30 5
9 35 5
9 40 5
9 45 5
9 50 5
9 55 5
9 60 5
9 65 5
9 70 5
9 75 5
9 80 5
9 85 5
9 90 5
9 95 5
9 100 5
9 105 5
9 110 5
9 115 5
9 120 5
9 125 5
9 130 5
9 135 5
9 140 5
9 145 5
9 150 5
9 155 5
9 160 5
9 165 5
9 170 5
9 175 5
9 180 5
9 185 5
9 190 5
9 195 5
10 0 5
10 5 5
10 10 5
10 15 5
10 20 5
10 25 5
10 30 5
10 35 5
10 40 5
10 45 5
10 50 5
10 55 5
10 60 5
10 65 5
10 70 5
10 75 5
10 80 5
10 85 5
10 90 5
10 95 5
10 100 5
10 105 5
10 110 5
10 115 5
10 120 5
10 125 5
10 130 5
10 135 5
10 140 5
10 145 5
10 150 5
10 155 5
10 160 5
10 165 5
10 170 5
10 175 5
10 180 5
10 185 5
10 190 5
10 195 5
11 0 5
11 5 5
11 10 5
11 15 5
11 20 5
11 25 5
11 30 5
11 35 5
11 40 5
11 45 5
11 50 5
11 55 5
11 60 5
11 65 5
11 70 5
11 75 5
11 80 5
11 85 5
11 90 5
11 95 5
11 100 5
11 105 5
11 110 5
11 115 5
11 120 5
11 125 5
11 130 5
11 135 5
11 140 5
11 145 5
11 150 5
11 155 5
11 160 5
11 165 5
11 170 5
11 175 5
11 180 5
11 185 5
11 190 5
11 195 5
12 0 5
12 5 5
12 10 5
12 15 5
12 20 5
12 25 5
12 30 5
12 35 5
12 40 5
12 45 5
12 50 5
12 55 5
12 60 5
12 65 5
12 70 5
12 75 5
12 80 5
12 85 5
12 90 5
12 95 5
12 100 5
12 105 5
12 110 5
12 115 5
12 120 5
12 125 5
12 130 5
12 135 5
12 140 5
12 145 5
12 150 5
12 155 5
12 160 5
12 165 5
12 170 5
12 175 5
12 180 5
12 185 5
12 190 5
12 195 5
13 0 5
13 5 5
13 10 5
13 15 5
13 20 5
13 25 5
13 30 5
13 35 5
13 40 5
13 45 5
13 50 5
13 55 5
13 60 5
13 65 5
13 70 5
13 75 5
13 80 5
13 85 5
13 90 5
13 95 5
13 100 5
13 105 5
13 110 5
13 115 5
13 120 5
13 125 5
13 130 5
13 135 5
13 140 5
13 145 5
13 150 5
13 155 5
13 160 5
13 165 5
13 170 5
13 175 5
13 180 5
13 185 5
13 190 5
13 195 5
14 0 5
14 5 5
14 10 5
14 15 5
14 20 5
14 25 5
14 30 5
14 35 5
14 40 5
14 45 5
14 50 5
14 55 5
14 60 5
14 65 5
14 70 5
14 75 5
14 80 5
14 85 5
14 90 5
14 95 5
14 100 5
14 105 5
14 110 5
14 115 5
14 120 5
14 125 5
14 130 5
14 135 5
14 140 5
14 145 5
14 150 5
14 155 5
14 160 5
14 165 5
14 170 5
14 175 5
14 180 5
14 185 5
14 190 5
14 195 5
15 0 5
15 5 5
15 10 5
15 15 5
15 20 5
15 25 5
15 30 5
15 35 5
15 40 5
15 45 5
15 50 5
15 55 5
15 60 5
15 65 5
15 70 5
15 75 5
15 80 5
15 85 5
15 90 5
15 95 5
15 100 5
15 105 5
15 110 5
15 115 5
15 120 5
15 125 5
15 130 5
15 135 5
15 140 5
15 145 5
15 150 5
15 155 5
15 160 5
15 165 5
15 170 5
15 175 5
15 180 5
15 185 5
15 190 5
15 195 5
16 0 5
16 5 5
16 10 5
16 15 5
16 20 5
16 25 5
16 30 5
16 35 5
16 40 5
16 45 5
16 50 5
16 55 5
16 60 5
16 65 5
16 70 5
16 75 5
16 80 5
16 85 5
16 90 5
16 95 5
16 100 5
16 105 5
16 110 5
16 115 5
16 120 5
16 125 5
16 130 5
16 135 5
16 140 5
16 145 5
16 150 5
16 155 5
16 160 5
16 165 5
16 170 5
16 175 5
16 180 5
16 185 5
16 190 5
16 195 5
17 0 5
17 5 5
17 10 5
17 15 5
17 20 5
17 25 5
17 30 5
17 35 5
17 40 5
17 45 5
17 50 5
17 55 5
17 60 5
17 65 5
17 70 5
17 75 5
17 80 5
17 85 5
17 90 5
17 95 5
17 100 5
17 105 5
17 110 5
17 115 5
17 120 5
17 125 5
17 130 5
17 135 5
17 140 5
17 145 5
17 150 5
17 155 5
17 160 5
17 165 5
17 170 5
17 175 5
17 180 5
17 185 5
17 190 5
17 195 5
18 0 5
18 5 5
18 10 5
18 15 5
18 20 5
18 25 5
18 30 5
18 35 5
18 40 5
18 45 5
18 50 5
18 55 5
18 60 5
18 65 5
18 70 5
18 75 5
18 80 5
18 85 5
18 90 5
18 95 5
18 100 5
18 105 5
18 110 5
18 115 5
18 120 5
18 125 5
18 130 5
18 135 5
18 140 5
18 145 5
18 150 5
18 155 5
18 160 5
18 165 5
18 170 5
18 175 5
18 180 5
18 185 5
18 190 5
18 195 5
19 0 5
19 5 5
19 10 5
19 15 5
19 20 5
19 25 5
19 30 5
19 35 5
19 40 5
19 45 5
19 50 5
19 55 5
19 60 5
19 65 5
19 70 5
19 75 5
19 80 5
19 85 5
19 90 5
19 95 5
19 100 5
19 105 5
19 110 5
19 115 5
19 120 5
19 125 5
19 130 5
19 135 5
19 140 5
19 145 5
19 150 5
19 155 5
19 160 5
19 165 5
19 170 5
19 175 5
19 180 5
19 185 5
19 190 5
19 195 5
20 0 5
20 5 5
20 10 5
20 15 5
20 20 5
20 25 5
20 30 5
20 35 5
20 40 5
20 45 5
20 50 5
20 55 5
20 60 5
20 65 5
20 70 5
20 75 5
20 80 5
20 85 5
20 90 5
20 95 5
20 100 5
20 105 5
20 110 5
20 115 5
20 120 5
20 125 5
20 130 5
20 135 5
20 140 5
20 145 5
20 150 5
20 155 5
20 160 5
20 165 5
20 170 5
20 175 5
20 180 5
20 185 5
20 190 5
20 195 5
21 0 5
21 5 5
21 10 5
21 15 5
21 20 5
21 25 5
21 30 5
21 35 5
21 40 5
21 45 5
21 50 5
21 55 5
21 60 5
21 65 5
21 70 5
21 75 5
21 80 5
21 85 5
21 90 5
21 95 5
21 100 5
21 105 5
21 110 5
21 115 5
21 120 5
21 125 5
21 130 5
21 135 5
21 140 5
21 145 5
21 150 5
21 155 5
21 160 5
21 165 5
21 170 5
21 175 5
21 180 5
21 185 5
21 190 5
21 195 5
22 0 5
22 5 5
22 10 5
22 15 5
22 20 5
22 25 5
22 30 5
22 35 5
22 40 5
22 45 5
22 50 5
22 55 5
22 60 5
22 65 5
22 70 5
22 75 5
22 80 5
22 85 5
22 90 5
22 95 5
22 100 5
22 105 5
22 110 5
22 115 5
22 120 5
22 125 5
22 130 5
22 135 5
22 140 5
22 145 5
22 150 5
22 155 5
22 160 5
22 165 5
22 170 5
22 175 5
22 180 5
22 185 5
22 190 5
22 195 5
23 0 5
23 5 5
23 10 5
23 15 5
23 20 5
23 25 5
23 30 5
23 35 5
23 40 5
23 45 5
23 50 5
23 55 5
23 60 5
23 65 5
23 70 5
23 75 5
23 80 5
23 85 5
23 90 5
23 95 5
23 100 5
23 105 5
23 110 5
23 115 5
23 120 5
23 125 5
23 130 5
23 135 5
23 140 5
23 145 5
23 150 5
23 155 5
23 160 5
23 165 5
23 170 5
23 175 5
23 180 5
23 185 5
23 190 5
23 195 5
