0 0 4
0 4 4
0 8 4
0 12 4
0 16 4
0 20 4
0 24 4
0 28 4
0 32 4
0 36 4
0 40 4
0 44 4
0 48 4
0 52 4
0 56 4
0 60 4
0 64 4
0 68 4
0 72 4
0 76 4
0 80 4
0 84 4
0 88 4
0 92 4
0 96 4
1 0 4
1 4 4
1 8 4
1 12 4
1 16 4
1 20 4
1 24 4
1 28 4
1 32 4
1 36 4
1 40 4
1 44 4
1 48 4
1 52 4
1 56 4
1 60 4
1 64 4
1 68 4
1 72 4
1 76 4
1 80 4
1 84 4
1 88 4
1 92 4
1 96 4
2 0 4
2 4 4
2 8 4
2 12 4
2 16 4
2 20 4
2 24 4
2 28 4
2 32 4
2 36 4
2 40 4
2 44 4
2 48 4
2 52 4
2 56 4
2 60 4
2 64 4
2 68 4
2 72 4
2 76 4
2 80 4
2 84 4
2 88 4
2 92 4
2 96 4
3 0 4
3 4 4
3 8 4
3 12 4
3 16 4
3 20 4
3 24 4
3 28 4
3 32 4
3 36 4
3 40 4
3 44 4
3 48 4
3 52 4
3 56 4
3 60 4
3 64 4
3 68 4
3 72 4
3 76 4
3 80 4
3 84 4
3 88 4
3 92 4
3 96 4
4 0 4
4 4 4
4 8 4
4 12 4
4 16 4
4 20 4
4 24 4
4 28 4
4 32 4
4 36 4
4 40 4
4 44 4
4 48 4
4 52 4
4 56 4
4 60 4
4 64 4
4 68 4
4 72 4
4 76 4
4 80 4
4 84 4
4 88 4
4 92 4
4 96 4
5 0 4
5 4 4
5 8 4
5 12 4
5 16 4
5 20 4
5 24 4
5 28 4
5 32 4
5 36 4
5 40 4
5 44 4
5 48 4
5 52 4
5 56 4
5 60 4
5 64 4
5 68 4
5 72 4
5 76 4
5 80 4
5 84 4
5 88 4
5 92 4
5 96 4
6 0 4
6 4 4
6 8 4
6 12 4
6 16 4
6 20 4
6 24 4
6 28 4
6 32 4
6 36 4
6 40 4
6 44 4
6 48 4
6 52 4
6 56 4
6 60 4
6 64 4
6 68 4
6 72 4
6 76 4
6 80 4
6 84 4
6 88 4
6 92 4
6 96 4
7 0 4
7 4 4
7 8 4
7 12 4
7 16 4
7 20 4
7 24 4
7 28 4
7 32 4
7 36 4
7 40 4
7 44 4
7 48 4
7 52 4
7 56 4
7 60 4
7 64 4
7 68 4
7 72 4
7 76 4
7 80 4
7 84 4
7 88 4
7 92 4
7 96 4
8 0 4
8 4 4
8 8 4
8 12 4
8 16 4
8 20 4
8 24 4
8 28 4
8 32 4
8 36 4
8 40 4
8 44 4
8 48 4
8 52 4
8 56 4
8 60 4
8 64 4
8 68 4
8 72 4
8 76 4
8 80 4
8 84 4
8 88 4
8 92 4
8 96 4
9 0 4
9 4 4
9 8 4
9 12 4
9 16 4
9 20 4
9 24 4
9 28 4
9 32 4
9 36 4
9 40 4
9 44 4
9 48 4
9 52 4
9 56 4
9 60 4
9 64 4
9 68 4
9 72 4
9 76 4
9 80 4
9 84 4
9 88 4
9 92 4
9 96 4
10 0 4
10 4 4
10 8 4
10 12 4
10 16 4
10 20 4
10 24 4
10 28 4
10 32 4
10 36 4
10 40 4
10 44 4
10 48 4
10 52 4
10 56 4
10 60 4
10 64 4
10 68 4
10 72 4
10 76 4
10 80 4
10 84 4
10 88 4
10 92 4
10 96 4
11 0 4
11 4 4
11 8 4
11 12 4
11 16 4
11 20 4
11 24 4
11 28 4
11 32 4
11 36 4
11 40 4
11 44 4
11 48 4
11 52 4
11 56 4
11 60 4
11 64 4
11 68 4
11 72 4
11 76 4
11 80 4
11 84 4
11 88 4
11 92 4
11 96 4
12 0 4
12 4 4
12 8 4
12 12 4
12 16 4
12 20 4
12 24 4
12 28 4
12 32 4
12 36 4
12 40 4
12 44 4
12 48 4
12 52 4
12 56 4
12 60 4
12 64 4
12 68 4
12 72 4
12 76 4
12 80 4
12 84 4
12 88 4
12 92 4
12 96 4
13 0 4
13 4 4
13 8 4
13 12 4
13 16 4
13 20 4
13 24 4
13 28 4
13 32 4
13 36 4
13 40 4
13 44 4
13 48 4
13 52 4
13 56 4
13 60 4
13 64 4
13 68 4
13 72 4
13 76 4
13 80 4
13 84 4
13 88 4
13 92 4
13 96 4
14 0 4
14 4 4
14 8 4
14 12 4
14 16 4
14 20 4
14 24 4
14 28 4
14 32 4
14 36 4
14 40 4
14 44 4
14 48 4
14 52 4
14 56 4
14 60 4
14 64 4
14 68 4
14 72 4
14 76 4
14 80 4
14 84 4
14 88 4
14 92 4
14 96 4
15 0 4
15 4 4
15 8 4
15 12 4
15 16 4
15 20 4
15 24 4
15 28 4
15 32 4
15 36 4
15 40 4
15 44 4
15 48 4
15 52 4
15 56 4
15 60 4
15 64 4
15 68 4
15 72 4
15 76 4
15 80 4
15 84 4
15 88 4
15 92 4
15 96 4
16 0 4
16 4 4
16 8 4
16 12 4
16 16 4
16 20 4
16 24 4
16 28 4
16 32 4
16 36 4
16 40 4
16 44 4
16 48 4
16 52 4
16 56 4
16 60 4
16 64 4
16 68 4
16 72 4
16 76 4
16 80 4
16 84 4
16 88 4
16 92 4
16 96 4
17 0 4
17 4 4
17 8 4
17 12 4
17 16 4
17 20 4
17 24 4
17 28 4
17 32 4
17 36 4
17 40 4
17 44 4
17 48 4
17 52 4
17 56 4
17 60 4
17 64 4
17 68 4
17 72 4
17 76 4
17 80 4
17 84 4
17 88 4
17 92 4
17 96 4
18 0 4
18 4 4
18 8 4
18 12 4
18 16 4
18 20 4
18 24 4
18 28 4
18 32 4
18 36 4
18 40 4
18 44 4
18 48 4
18 52 4
18 56 4
18 60 4
18 64 4
18 68 4
18 72 4
18 76 4
18 80 4
18 84 4
18 88 4
18 92 4
18 96 4
19 0 4
19 4 4
19 8 4
19 12 4
19 16 4
19 20 4
19 24 4
19 28 4
19 32 4
19 36 4
19 40 4
19 44 4
19 48 4
19 52 4
19 56 4
19 60 4
19 64 4
19 68 4
19 72 4
19 76 4
19 80 4
19 84 4
19 88 4
19 92 4
19 96 4
20 0 4
20 4 4
20 8 4
20 12 4
20 16 4
20 20 4
20 24 4
20 28 4
20 32 4
20 36 4
20 40 4
20 44 4
20 48 4
20 52 4
20 56 4
20 60 4
20 64 4
20 68 4
20 72 4
20 76 4
20 80 4
20 84 4
20 88 4
20 92 4
20 96 4
21 0 4
21 4 4
21 8 4
21 12 4
21 16 4
21 20 4
21 24 4
21 28 4
21 32 4
21 36 4
21 40 4
21 44 4
21 48 4
21 52 4
21 56 4
21 60 4
21 64 4
21 68 4
21 72 4
21 76 4
21 80 4
21 84 4
21 88 4
21 92 4
21 96 4
22 0 4
22 4 4
22 8 4
22 12 4
22 16 4
22 20 4
22 24 4
22 28 4
22 32 4
22 36 4
22 40 4
22 44 4
22 48 4
22 52 4
22 56 4
22 60 4
22 64 4
22 68 4
22 72 4
22 76 4
22 80 4
22 84 4
22 88 4
22 92 4
22 96 4
23 0 4
23 4 4
23 8 4
23 12 4
23 16 4
23 20 4
23 24 4
23 28 4
23 32 4
23 36 4
23 40 4
23 44 4
23 48 4
23 52 4
23 56 4
23 60 4
23 64 4
23 68 4
23 72 4
23 76 4
23 80 4
23 84 4
23 88 4
23 92 4
23 96 4
24 0 4
24 4 4
24 8 4
24 12 4
24 16 4
24 20 4
24 24 4
24 28 4
24 32 4
24 36 4
24 40 4
24 44 4
24 48 4
24 52 4
24 56 4
24 60 4
24 64 4
24 68 4
24 72 4
24 76 4
24 80 4
24 84 4
24 88 4
24 92 4
24 96 4
25 0 4
25 4 4
25 8 4
25 12 4
25 16 4
25 20 4
25 24 4
25 28 4
25 32 4
25 36 4
25 40 4
25 44 4
25 48 4
25 52 4
25 56 4
25 60 4
25 64 4
25 68 4
25 72 4
25 76 4
25 80 4
25 84 4
25 88 4
25 92 4
25 96 4
26 0 4
26 4 4
26 8 4
26 12 4
26 16 4
26 20 4
26 24 4
26 28 4
26 32 4
26 36 4
26 40 4
26 44 4
26 48 4
26 52 4
26 56 4
26 60 4
26 64 4
26 68 4
26 72 4
26 76 4
26 80 4
26 84 4
26 88 4
26 92 4
26 96 4
27 0 4
27 4 4
27 8 4
27 12 4
27 16 4
27 20 4
27 24 4
27 28 4
27 32 4
27 36 4
27 40 4
27 44 4
27 48 4
27 52 4
27 56 4
27 60 4
27 64 4
27 68 4
27 72 4
27 76 4
27 80 4
27 84 4
27 88 4
27 92 4
27 96 4
28 0 4
28 4 4
28 8 4
28 12 4
28 16 4
28 20 4
28 24 4
28 28 4
28 32 4
28 36 4
28 40 4
28 44 4
28 48 4
28 52 4
28 56 4
28 60 4
28 64 4
28 68 4
28 72 4
28 76 4
28 80 4
28 84 4
28 88 4
28 92 4
28 96 4
29 0 4
29 4 4
29 8 4
29 12 4
29 16 4
29 20 4
29 24 4
29 28 4
29 32 4
29 36 4
29 40 4
29 44 4
29 48 4
29 52 4
29 56 4
29 60 4
29 64 4
29 68 4
29 72 4
29 76 4
29 80 4
29 84 4
29 88 4
29 92 4
29 96 4
30 0 4
30 4 4
30 8 4
30 12 4
30 16 4
30 20 4
30 24 4
30 28 4
30 32 4
30 36 4
30 40 4
30 44 4
30 48 4
30 52 4
30 56 4
30 60 4
30 64 4
30 68 4
30 72 4
30 76 4
30 80 4
30 84 4
30 88 4
30 92 4
30 96 4
31 0 4
31 4 4
31 8 4
31 12 4
31 16 4
31 20 4
31 24 4
31 28 4
31 32 4
31 36 4
31 40 4
31 44 4
31 48 4
31 52 4
31 56 4
31 60 4
31 64 4
31 68 4
31 72 4
31 76 4
31 80 4
31 84 4
31 88 4
31 92 4
31 96 4
32 0 4
32 4 4
32 8 4
32 12 4
32 16 4
32 20 4
32 24 4
32 28 4
32 32 4
32 36 4
32 40 4
32 44 4
32 48 4
32 52 4
32 56 4
32 60 4
32 64 4
32 68 4
32 72 4
32 76 4
32 80 4
32 84 4
32 88 4
32 92 4
32 96 4
