0 0 4
0 4 4
0 8 4
0 12 4
0 16 4
0 20 4
0 24 4
0 28 4
0 32 4
0 36 4
0 40 4
0 44 4
0 48 4
0 52 4
0 56 4
0 60 4
0 64 4
0 68 4
0 72 4
0 76 4
0 80 4
0 84 4
0 88 4
0 92 4
0 96 4
0 100 4
0 104 4
0 108 4
0 112 4
0 116 4
0 120 4
0 124 4
0 128 4
0 132 4
0 136 4
0 140 4
0 144 4
0 148 4
0 152 4
0 156 4
0 160 4
0 164 4
0 168 4
0 172 4
0 176 4
0 180 4
0 184 4
0 188 4
0 192 4
0 196 4
1 0 4
1 4 4
1 8 4
1 12 4
1 16 4
1 20 4
1 24 4
1 28 4
1 32 4
1 36 4
1 40 4
1 44 4
1 48 4
1 52 4
1 56 4
1 60 4
1 64 4
1 68 4
1 72 4
1 76 4
1 80 4
1 84 4
1 88 4
1 92 4
1 96 4
1 100 4
1 104 4
1 108 4
1 112 4
1 116 4
1 120 4
1 124 4
1 128 4
1 132 4
1 136 4
1 140 4
1 144 4
1 148 4
1 152 4
1 156 4
1 160 4
1 164 4
1 168 4
1 172 4
1 176 4
1 180 4
1 184 4
1 188 4
1 192 4
1 196 4
2 0 4
2 4 4
2 8 4
2 12 4
2 16 4
2 20 4
2 24 4
2 28 4
2 32 4
2 36 4
2 40 4
2 44 4
2 48 4
2 52 4
2 56 4
2 60 4
2 64 4
2 68 4
2 72 4
2 76 4
2 80 4
2 84 4
2 88 4
2 92 4
2 96 4
2 100 4
2 104 4
2 108 4
2 112 4
2 116 4
2 120 4
2 124 4
2 128 4
2 132 4
2 136 4
2 140 4
2 144 4
2 148 4
2 152 4
2 156 4
2 160 4
2 164 4
2 168 4
2 172 4
2 176 4
2 180 4
2 184 4
2 188 4
2 192 4
2 196 4
3 0 4
3 4 4
3 8 4
3 12 4
3 16 4
3 20 4
3 24 4
3 28 4
3 32 4
3 36 4
3 40 4
3 44 4
3 48 4
3 52 4
3 56 4
3 60 4
3 64 4
3 68 4
3 72 4
3 76 4
3 80 4
3 84 4
3 88 4
3 92 4
3 96 4
3 100 4
3 104 4
3 108 4
3 112 4
3 116 4
3 120 4
3 124 4
3 128 4
3 132 4
3 136 4
3 140 4
3 144 4
3 148 4
3 152 4
3 156 4
3 160 4
3 164 4
3 168 4
3 172 4
3 176 4
3 180 4
3 184 4
3 188 4
3 192 4
3 196 4
4 0 4
4 4 4
4 8 4
4 12 4
4 16 4
4 20 4
4 24 4
4 28 4
4 32 4
4 36 4
4 40 4
4 44 4
4 48 4
4 52 4
4 56 4
4 60 4
4 64 4
4 68 4
4 72 4
4 76 4
4 80 4
4 84 4
4 88 4
4 92 4
4 96 4
4 100 4
4 104 4
4 108 4
4 112 4
4 116 4
4 120 4
4 124 4
4 128 4
4 132 4
4 136 4
4 140 4
4 144 4
4 148 4
4 152 4
4 156 4
4 160 4
4 164 4
4 168 4
4 172 4
4 176 4
4 180 4
4 184 4
4 188 4
4 192 4
4 196 4
5 0 4
5 4 4
5 8 4
5 12 4
5 16 4
5 20 4
5 24 4
5 28 4
5 32 4
5 36 4
5 40 4
5 44 4
5 48 4
5 52 4
5 56 4
5 60 4
5 64 4
5 68 4
5 72 4
5 76 4
5 80 4
5 84 4
5 88 4
5 92 4
5 96 4
5 100 4
5 104 4
5 108 4
5 112 4
5 116 4
5 120 4
5 124 4
5 128 4
5 132 4
5 136 4
5 140 4
5 144 4
5 148 4
5 152 4
5 156 4
5 160 4
5 164 4
5 168 4
5 172 4
5 176 4
5 180 4
5 184 4
5 188 4
5 192 4
5 196 4
6 0 4
6 4 4
6 8 4
6 12 4
6 16 4
6 20 4
6 24 4
6 28 4
6 32 4
6 36 4
6 40 4
6 44 4
6 48 4
6 52 4
6 56 4
6 60 4
6 64 4
6 68 4
6 72 4
6 76 4
6 80 4
6 84 4
6 88 4
6 92 4
6 96 4
6 100 4
6 104 4
6 108 4
6 112 4
6 116 4
6 120 4
6 124 4
6 128 4
6 132 4
6 136 4
6 140 4
6 144 4
6 148 4
6 152 4
6 156 4
6 160 4
6 164 4
6 168 4
6 172 4
6 176 4
6 180 4
6 184 4
6 188 4
6 192 4
6 196 4
7 0 4
7 4 4
7 8 4
7 12 4
7 16 4
7 20 4
7 24 4
7 28 4
7 32 4
7 36 4
7 40 4
7 44 4
7 48 4
7 52 4
7 56 4
7 60 4
7 64 4
7 68 4
7 72 4
7 76 4
7 80 4
7 84 4
7 88 4
7 92 4
7 96 4
7 100 4
7 104 4
7 108 4
7 112 4
7 116 4
7 120 4
7 124 4
7 128 4
7 132 4
7 136 4
7 140 4
7 144 4
7 148 4
7 152 4
7 156 4
7 160 4
7 164 4
7 168 4
7 172 4
7 176 4
7 180 4
7 184 4
7 188 4
7 192 4
7 196 4
