0 0 6
0 6 6
0 12 6
0 18 6
0 24 6
0 30 6
0 36 6
0 42 6
0 48 6
0 54 6
0 60 6
0 66 6
0 72 6
0 78 6
0 84 6
0 90 6
0 96 6
0 102 6
0 108 6
0 114 6
0 120 6
0 126 6
0 132 6
0 138 6
0 144 6
0 150 6
0 156 6
0 162 6
0 168 6
0 174 6
0 180 6
0 186 6
0 192 6
0 198 2
1 0 6
1 6 6
1 12 6
1 18 6
1 24 6
1 30 6
1 36 6
1 42 6
1 48 6
1 54 6
1 60 6
1 66 6
1 72 6
1 78 6
1 84 6
1 90 6
1 96 6
1 102 6
1 108 6
1 114 6
1 120 6
1 126 6
1 132 6
1 138 6
1 144 6
1 150 6
1 156 6
1 162 6
1 168 6
1 174 6
1 180 6
1 186 6
1 192 6
1 198 2
2 0 6
2 6 6
2 12 6
2 18 6
2 24 6
2 30 6
2 36 6
2 42 6
2 48 6
2 54 6
2 60 6
2 66 6
2 72 6
2 78 6
2 84 6
2 90 6
2 96 6
2 102 6
2 108 6
2 114 6
2 120 6
2 126 6
2 132 6
2 138 6
2 144 6
2 150 6
2 156 6
2 162 6
2 168 6
2 174 6
2 180 6
2 186 6
2 192 6
2 198 2
3 0 6
3 6 6
3 12 6
3 18 6
3 24 6
3 30 6
3 36 6
3 42 6
3 48 6
3 54 6
3 60 6
3 66 6
3 72 6
3 78 6
3 84 6
3 90 6
3 96 6
3 102 6
3 108 6
3 114 6
3 120 6
3 126 6
3 132 6
3 138 6
3 144 6
3 150 6
3 156 6
3 162 6
3 168 6
3 174 6
3 180 6
3 186 6
3 192 6
3 198 2
4 0 6
4 6 6
4 12 6
4 18 6
4 24 6
4 30 6
4 36 6
4 42 6
4 48 6
4 54 6
4 60 6
4 66 6
4 72 6
4 78 6
4 84 6
4 90 6
4 96 6
4 102 6
4 108 6
4 114 6
4 120 6
4 126 6
4 132 6
4 138 6
4 144 6
4 150 6
4 156 6
4 162 6
4 168 6
4 174 6
4 180 6
4 186 6
4 192 6
4 198 2
5 0 6
5 6 6
5 12 6
5 18 6
5 24 6
5 30 6
5 36 6
5 42 6
5 48 6
5 54 6
5 60 6
5 66 6
5 72 6
5 78 6
5 84 6
5 90 6
5 96 6
5 102 6
5 108 6
5 114 6
5 120 6
5 126 6
5 132 6
5 138 6
5 144 6
5 150 6
5 156 6
5 162 6
5 168 6
5 174 6
5 180 6
5 186 6
5 192 6
5 198 2
6 0 6
6 6 6
6 12 6
6 18 6
6 24 6
6 30 6
6 36 6
6 42 6
6 48 6
6 54 6
6 60 6
6 66 6
6 72 6
6 78 6
6 84 6
6 90 6
6 96 6
6 102 6
6 108 6
6 114 6
6 120 6
6 126 6
6 132 6
6 138 6
6 144 6
6 150 6
6 156 6
6 162 6
6 168 6
6 174 6
6 180 6
6 186 6
6 192 6
6 198 2
7 0 6
7 6 6
7 12 6
7 18 6
7 24 6
7 30 6
7 36 6
7 42 6
7 48 6
7 54 6
7 60 6
7 66 6
7 72 6
7 78 6
7 84 6
7 90 6
7 96 6
7 102 6
7 108 6
7 114 6
7 120 6
7 126 6
7 132 6
7 138 6
7 144 6
7 150 6
7 156 6
7 162 6
7 168 6
7 174 6
7 180 6
7 186 6
7 192 6
7 198 2
8 0 6
8 6 6
8 12 6
8 18 6
8 24 6
8 30 6
8 36 6
8 42 6
8 48 6
8 54 6
8 60 6
8 66 6
8 72 6
8 78 6
8 84 6
8 90 6
8 96 6
8 102 6
8 108 6
8 114 6
8 120 6
8 126 6
8 132 6
8 138 6
8 144 6
8 150 6
8 156 6
8 162 6
8 168 6
8 174 6
8 180 6
8 186 6
8 192 6
8 198 2
9 0 6
9 6 6
9 12 6
9 18 6
9 24 6
9 30 6
9 36 6
9 42 6
9 48 6
9 54 6
9 60 6
9 66 6
9 72 6
9 78 6
9 84 6
9 90 6
9 96 6
9 102 6
9 108 6
9 114 6
9 120 6
9 126 6
9 132 6
9 138 6
9 144 6
9 150 6
9 156 6
9 162 6
9 168 6
9 174 6
9 180 6
9 186 6
9 192 6
9 198 2
10 0 6
10 6 6
10 12 6
10 18 6
10 24 6
10 30 6
10 36 6
10 42 6
10 48 6
10 54 6
10 60 6
10 66 6
10 72 6
10 78 6
10 84 6
10 90 6
10 96 6
10 102 6
10 108 6
10 114 6
10 120 6
10 126 6
10 132 6
10 138 6
10 144 6
10 150 6
10 156 6
10 162 6
10 168 6
10 174 6
10 180 6
10 186 6
10 192 6
10 198 2
11 0 6
11 6 6
11 12 6
11 18 6
11 24 6
11 30 6
11 36 6
11 42 6
11 48 6
11 54 6
11 60 6
11 66 6
11 72 6
11 78 6
11 84 6
11 90 6
11 96 6
11 102 6
11 108 6
11 114 6
11 120 6
11 126 6
11 132 6
11 138 6
11 144 6
11 150 6
11 156 6
11 162 6
11 168 6
11 174 6
11 180 6
11 186 6
11 192 6
11 198 2
12 0 6
12 6 6
12 12 6
12 18 6
12 24 6
12 30 6
12 36 6
12 42 6
12 48 6
12 54 6
12 60 6
12 66 6
12 72 6
12 78 6
12 84 6
12 90 6
12 96 6
12 102 6
12 108 6
12 114 6
12 120 6
12 126 6
12 132 6
12 138 6
12 144 6
12 150 6
12 156 6
12 162 6
12 168 6
12 174 6
12 180 6
12 186 6
12 192 6
12 198 2
13 0 6
13 6 6
13 12 6
13 18 6
13 24 6
13 30 6
13 36 6
13 42 6
13 48 6
13 54 6
13 60 6
13 66 6
13 72 6
13 78 6
13 84 6
13 90 6
13 96 6
13 102 6
13 108 6
13 114 6
13 120 6
13 126 6
13 132 6
13 138 6
13 144 6
13 150 6
13 156 6
13 162 6
13 168 6
13 174 6
13 180 6
13 186 6
13 192 6
13 198 2
14 0 6
14 6 6
14 12 6
14 18 6
14 24 6
14 30 6
14 36 6
14 42 6
14 48 6
14 54 6
14 60 6
14 66 6
14 72 6
14 78 6
14 84 6
14 90 6
14 96 6
14 102 6
14 108 6
14 114 6
14 120 6
14 126 6
14 132 6
14 138 6
14 144 6
14 150 6
14 156 6
14 162 6
14 168 6
14 174 6
14 180 6
14 186 6
14 192 6
14 198 2
15 0 6
15 6 6
15 12 6
15 18 6
15 24 6
15 30 6
15 36 6
15 42 6
15 48 6
15 54 6
15 60 6
15 66 6
15 72 6
15 78 6
15 84 6
15 90 6
15 96 6
15 102 6
15 108 6
15 114 6
15 120 6
15 126 6
15 132 6
15 138 6
15 144 6
15 150 6
15 156 6
15 162 6
15 168 6
15 174 6
15 180 6
15 186 6
15 192 6
15 198 2
16 0 6
16 6 6
16 12 6
16 18 6
16 24 6
16 30 6
16 36 6
16 42 6
16 48 6
16 54 6
16 60 6
16 66 6
16 72 6
16 78 6
16 84 6
16 90 6
16 96 6
16 102 6
16 108 6
16 114 6
16 120 6
16 126 6
16 132 6
16 138 6
16 144 6
16 150 6
16 156 6
16 162 6
16 168 6
16 174 6
16 180 6
16 186 6
16 192 6
16 198 2
17 0 6
17 6 6
17 12 6
17 18 6
17 24 6
17 30 6
17 36 6
17 42 6
17 48 6
17 54 6
17 60 6
17 66 6
17 72 6
17 78 6
17 84 6
17 90 6
17 96 6
17 102 6
17 108 6
17 114 6
17 120 6
17 126 6
17 132 6
17 138 6
17 144 6
17 150 6
17 156 6
17 162 6
17 168 6
17 174 6
17 180 6
17 186 6
17 192 6
17 198 2
18 0 6
18 6 6
18 12 6
18 18 6
18 24 6
18 30 6
18 36 6
18 42 6
18 48 6
18 54 6
18 60 6
18 66 6
18 72 6
18 78 6
18 84 6
18 90 6
18 96 6
18 102 6
18 108 6
18 114 6
18 120 6
18 126 6
18 132 6
18 138 6
18 144 6
18 150 6
18 156 6
18 162 6
18 168 6
18 174 6
18 180 6
18 186 6
18 192 6
18 198 2
19 0 6
19 6 6
19 12 6
19 18 6
19 24 6
19 30 6
19 36 6
19 42 6
19 48 6
19 54 6
19 60 6
19 66 6
19 72 6
19 78 6
19 84 6
19 90 6
19 96 6
19 102 6
19 108 6
19 114 6
19 120 6
19 126 6
19 132 6
19 138 6
19 144 6
19 150 6
19 156 6
19 162 6
19 168 6
19 174 6
19 180 6
19 186 6
19 192 6
19 198 2
20 0 6
20 6 6
20 12 6
20 18 6
20 24 6
20 30 6
20 36 6
20 42 6
20 48 6
20 54 6
20 60 6
20 66 6
20 72 6
20 78 6
20 84 6
20 90 6
20 96 6
20 102 6
20 108 6
20 114 6
20 120 6
20 126 6
20 132 6
20 138 6
20 144 6
20 150 6
20 156 6
20 162 6
20 168 6
20 174 6
20 180 6
20 186 6
20 192 6
20 198 2
21 0 6
21 6 6
21 12 6
21 18 6
21 24 6
21 30 6
21 36 6
21 42 6
21 48 6
21 54 6
21 60 6
21 66 6
21 72 6
21 78 6
21 84 6
21 90 6
21 96 6
21 102 6
21 108 6
21 114 6
21 120 6
21 126 6
21 132 6
21 138 6
21 144 6
21 150 6
21 156 6
21 162 6
21 168 6
21 174 6
21 180 6
21 186 6
21 192 6
21 198 2
22 0 6
22 6 6
22 12 6
22 18 6
22 24 6
22 30 6
22 36 6
22 42 6
22 48 6
22 54 6
22 60 6
22 66 6
22 72 6
22 78 6
22 84 6
22 90 6
22 96 6
22 102 6
22 108 6
22 114 6
22 120 6
22 126 6
22 132 6
22 138 6
22 144 6
22 150 6
22 156 6
22 162 6
22 168 6
22 174 6
22 180 6
22 186 6
22 192 6
22 198 2
23 0 6
23 6 6
23 12 6
23 18 6
23 24 6
23 30 6
23 36 6
23 42 6
23 48 6
23 54 6
23 60 6
23 66 6
23 72 6
23 78 6
23 84 6
23 90 6
23 96 6
23 102 6
23 108 6
23 114 6
23 120 6
23 126 6
23 132 6
23 138 6
23 144 6
23 150 6
23 156 6
23 162 6
23 168 6
23 174 6
23 180 6
23 186 6
23 192 6
23 198 2
